0.044776119,0.044776119,0.014925373,0.014925373,0.029850746,0.014925373,0,0.029850746,0.014925373,0.074626866,0.194029851,0,0.014925373,0.149253731,0.074626866,0.059701493,0.029850746,0.029850746,0.044776119,0.119402985,0.34
0.076495132,0.07093185,0.018080668,0.041724618,0.005563282,0.062586926,0.037552156,0.076495132,0.022253129,0.054242003,0.108484006,0.052851182,0.031988873,0.050069541,0.057023644,0.045897079,0.061196106,0.011126565,0.030598053,0.084840056,0.07
0.064102564,0.085470085,0.034188034,0.034188034,0.025641026,0.072649573,0.02991453,0.08974359,0.038461538,0.042735043,0.111111111,0.017094017,0.034188034,0.047008547,0.064102564,0.072649573,0.025641026,0.02991453,0.02991453,0.051282051,0.08
0.151376147,0.052752294,0.027522936,0.048165138,0.006880734,0.059633028,0.059633028,0.098623853,0.043577982,0.027522936,0.073394495,0.016055046,0.029816514,0.04587156,0.032110092,0.052752294,0.059633028,0.013761468,0.016055046,0.084862385,0.31
0.130977131,0.03950104,0.04989605,0.041580042,0.018711019,0.062370062,0.054054054,0.076923077,0.033264033,0.045738046,0.076923077,0.031185031,0.018711019,0.043659044,0.043659044,0.051975052,0.079002079,0.016632017,0.024948025,0.06029106,0.49
0.07615894,0.066225166,0.013245033,0.033112583,0.016556291,0.066225166,0.09602649,0.066225166,0.026490066,0.066225166,0.105960265,0.036423841,0.033112583,0.046357616,0.046357616,0.082781457,0.039735099,0.003311258,0.033112583,0.046357616,0.03
0.115987461,0.078369906,0.021943574,0.065830721,0.006269592,0.078369906,0.034482759,0.081504702,0.012539185,0.07523511,0.103448276,0.053291536,0.034482759,0.02507837,0.05015674,0.05015674,0.028213166,0.006269592,0.031347962,0.047021944,0.29
0.134615385,0.032051282,0.019230769,0.032051282,0.006410256,0.108974359,0.051282051,0.051282051,0.006410256,0.083333333,0.038461538,0.051282051,0.057692308,0.025641026,0.076923077,0.083333333,0.032051282,0,0.012820513,0.096153846,0.95
0.100222717,0.064587973,0.040089087,0.046770601,0.017817372,0.077951002,0.031180401,0.095768374,0.026726058,0.095768374,0.062360802,0.055679287,0.031180401,0.031180401,0.046770601,0.040089087,0.033407572,0.002227171,0.033407572,0.066815145,0.3
0.101973684,0.065789474,0.023026316,0.039473684,0.019736842,0.085526316,0.029605263,0.072368421,0.009868421,0.042763158,0.098684211,0.0625,0.055921053,0.032894737,0.069078947,0.065789474,0.032894737,0.006578947,0.013157895,0.072368421,0.62
0.129032258,0.036866359,0.02764977,0.052995392,0.011520737,0.062211982,0.066820276,0.080645161,0.01843318,0.046082949,0.076036866,0.048387097,0.023041475,0.043778802,0.039170507,0.057603687,0.062211982,0.01843318,0.039170507,0.059907834,0.43
0.097560976,0.058161351,0.046904315,0.063789869,0.009380863,0.071294559,0.046904315,0.060037523,0.022514071,0.067542214,0.09380863,0.048780488,0.026266417,0.04315197,0.045028143,0.039399625,0.061913696,0.020637899,0.028142589,0.048780488,0.65
0.081172492,0.05524239,0.042841037,0.058624577,0.006764374,0.080045096,0.046223224,0.089064262,0.025930101,0.064261556,0.0789177,0.054114994,0.024802706,0.038331454,0.040586246,0.048478016,0.04735062,0.012401353,0.04735062,0.057497182,0.16
0.152380952,0.031746032,0.026984127,0.052380952,0.001587302,0.092063492,0.023809524,0.080952381,0.007936508,0.071428571,0.052380952,0.084126984,0.026984127,0.03015873,0.058730159,0.046031746,0.042857143,0.004761905,0.004761905,0.107936508,0.95
0.074394464,0.088235294,0.025951557,0.051903114,0.01384083,0.083044983,0.048442907,0.05017301,0.03633218,0.057093426,0.105536332,0.027681661,0.025951557,0.062283737,0.051903114,0.03633218,0.043252595,0.015570934,0.043252595,0.058823529,0.11
0.105,0.0375,0.045,0.0475,0.015,0.0725,0.02,0.09,0.0375,0.0625,0.105,0.0575,0.025,0.0325,0.03,0.0625,0.0525,0.0025,0.0325,0.0675,1
0.086419753,0.057239057,0.037037037,0.063973064,0.007856341,0.061728395,0.03030303,0.087542088,0.02020202,0.048260382,0.094276094,0.048260382,0.028058361,0.025813692,0.056116723,0.057239057,0.060606061,0.014590348,0.032547699,0.081930415,0.41
0.112138728,0.045086705,0.03583815,0.063583815,0.011560694,0.065895954,0.028901734,0.087861272,0.01734104,0.05433526,0.101734104,0.056647399,0.026589595,0.033526012,0.062427746,0.041618497,0.05433526,0.009248555,0.024277457,0.067052023,0.9
0.150793651,0.087301587,0.03968254,0.03968254,0.007936508,0.079365079,0.015873016,0.071428571,0.031746032,0.071428571,0.103174603,0.055555556,0.015873016,0.047619048,0.015873016,0.023809524,0.03968254,0.023809524,0.007936508,0.071428571,0.84
0.087179487,0.061538462,0.025641026,0.046153846,0.015384615,0.066666667,0.046153846,0.061538462,0.030769231,0.056410256,0.112820513,0.020512821,0.020512821,0.025641026,0.071794872,0.092307692,0.041025641,0.041025641,0.015384615,0.061538462,0.14
0.118387909,0.042821159,0.042821159,0.055415617,0.002518892,0.042821159,0.090680101,0.080604534,0.002518892,0.050377834,0.085642317,0.057934509,0.010075567,0.017632242,0.04534005,0.055415617,0.083123426,0.002518892,0.022670025,0.090680101,0.65
0.114285714,0.044155844,0.036363636,0.051948052,0.002597403,0.057142857,0.07012987,0.067532468,0.015584416,0.05974026,0.072727273,0.054545455,0.01038961,0.020779221,0.049350649,0.064935065,0.083116883,0.002597403,0.025974026,0.096103896,0.71
0.08372093,0.069767442,0.023255814,0.037209302,0.018604651,0.106976744,0.051162791,0.041860465,0.023255814,0.069767442,0.125581395,0.051162791,0.037209302,0.037209302,0.027906977,0.060465116,0.046511628,0.013953488,0.027906977,0.046511628,0.52
0.088957055,0.044478528,0.039877301,0.059815951,0.010736196,0.064417178,0.032208589,0.087423313,0.029141104,0.062883436,0.075153374,0.050613497,0.01993865,0.02607362,0.055214724,0.052147239,0.064417178,0.029141104,0.035276074,0.07208589,0.62
0.138418079,0.093220339,0.031073446,0.048022599,0.033898305,0.059322034,0.062146893,0.053672316,0.02259887,0.036723164,0.096045198,0.039548023,0.016949153,0.033898305,0.042372881,0.050847458,0.059322034,0.014124294,0.016949153,0.050847458,0.32
0.126126126,0.063063063,0.024024024,0.051051051,0.012012012,0.081081081,0.051051051,0.078078078,0.042042042,0.078078078,0.105105105,0.024024024,0.018018018,0.036036036,0.036036036,0.045045045,0.048048048,0.009009009,0.012012012,0.06006006,0.15
0.135802469,0.035914703,0.038159371,0.056116723,0.01010101,0.060606061,0.026936027,0.069584736,0.022446689,0.067340067,0.080808081,0.07295174,0.023569024,0.034792368,0.046015713,0.056116723,0.054994388,0.005611672,0.031425365,0.070707071,0.46
0.12202381,0.035714286,0.032738095,0.05952381,0.026785714,0.05952381,0.017857143,0.107142857,0.029761905,0.050595238,0.074404762,0.06547619,0.020833333,0.023809524,0.026785714,0.044642857,0.053571429,0.005952381,0.023809524,0.119047619,0.87
0.082119205,0.043708609,0.045033113,0.064900662,0.013245033,0.062251656,0.038410596,0.074172185,0.033112583,0.045033113,0.078145695,0.038410596,0.037086093,0.042384106,0.051655629,0.060927152,0.060927152,0.018543046,0.041059603,0.068874172,0.31
0.043478261,0.051383399,0.055335968,0.051383399,0.035573123,0.043478261,0.035573123,0.015810277,0.027667984,0.071146245,0.106719368,0.059288538,0.04743083,0.031620553,0.035573123,0.114624506,0.055335968,0.011857708,0.035573123,0.071146245,0.21
0.088785047,0.060747664,0.018691589,0.079439252,0.004672897,0.08411215,0.037383178,0.093457944,0.014018692,0.065420561,0.074766355,0.08411215,0.028037383,0.023364486,0.046728972,0.023364486,0.051401869,0,0.03271028,0.088785047,1
0.106221548,0.062215478,0.037936267,0.051593323,0.042488619,0.065250379,0.047040971,0.081942337,0.040971168,0.050075873,0.06676783,0.040971168,0.025796662,0.028831563,0.051593323,0.04400607,0.047040971,0.010622155,0.013657056,0.084977238,0.21
0.124505929,0.055335968,0.049407115,0.04743083,0.005928854,0.049407115,0.059288538,0.055335968,0.027667984,0.049407115,0.090909091,0.043478261,0.033596838,0.015810277,0.023715415,0.07312253,0.075098814,0.015810277,0.013833992,0.090909091,0.31
0.10031348,0.056426332,0.02507837,0.065830721,0.02507837,0.053291536,0.059561129,0.065830721,0.018808777,0.037617555,0.122257053,0.02507837,0.031347962,0.043887147,0.059561129,0.040752351,0.059561129,0.015673981,0.056426332,0.037617555,0.34
0.063218391,0.063218391,0.031609195,0.057471264,0.00862069,0.060344828,0.068965517,0.083333333,0.025862069,0.054597701,0.100574713,0.034482759,0.040229885,0.045977011,0.045977011,0.051724138,0.045977011,0.002873563,0.034482759,0.08045977,0.42
0.03164557,0.044303797,0.050632911,0.088607595,0.006329114,0.03164557,0.069620253,0.082278481,0.018987342,0.101265823,0.069620253,0.069620253,0.018987342,0.044303797,0.03164557,0.03164557,0.075949367,0.006329114,0.012658228,0.113924051,0.8
0.134831461,0.014981273,0.02247191,0.02247191,0.014981273,0.033707865,0.04494382,0.08988764,0.007490637,0.06741573,0.138576779,0.029962547,0.033707865,0.074906367,0.04494382,0.041198502,0.063670412,0.014981273,0.033707865,0.071161049,0.02
0.076045627,0.030418251,0.038022814,0.038022814,0.007604563,0.02661597,0.022813688,0.087452471,0.019011407,0.098859316,0.121673004,0.057034221,0.038022814,0.076045627,0.034220532,0.068441065,0.045627376,0.011406844,0.030418251,0.072243346,0.05
0.067729084,0.047808765,0.035856574,0.035856574,0.023904382,0.075697211,0.06374502,0.071713147,0.03187251,0.051792829,0.151394422,0.039840637,0.011952191,0.027888446,0.039840637,0.051792829,0.083665339,0.007968127,0.015936255,0.06374502,0.82
0.081784387,0.078066914,0.040892193,0.063197026,0.007434944,0.078066914,0.048327138,0.074349442,0.022304833,0.07063197,0.089219331,0.033457249,0.033457249,0.022304833,0.014869888,0.078066914,0.063197026,0,0.014869888,0.085501859,0.81
0.122395833,0.049479167,0.046875,0.046875,0.013020833,0.049479167,0.033854167,0.059895833,0.028645833,0.059895833,0.098958333,0.015625,0.026041667,0.046875,0.0625,0.072916667,0.0703125,0.013020833,0.026041667,0.057291667,0.71
0.101910828,0.038216561,0.063694268,0.063694268,0.012738854,0.044585987,0.057324841,0.076433121,0.01910828,0.063694268,0.095541401,0.050955414,0.025477707,0.038216561,0.038216561,0.012738854,0.038216561,0.012738854,0.006369427,0.140127389,0.77
0.092009685,0.026634383,0.043583535,0.05811138,0.014527845,0.053268765,0.072639225,0.060532688,0.016949153,0.033898305,0.092009685,0.065375303,0.02905569,0.031476998,0.05811138,0.065375303,0.055690073,0.014527845,0.03874092,0.07748184,0.62
0.101604278,0.032085561,0.026737968,0.07486631,0.010695187,0.080213904,0.026737968,0.069518717,0.026737968,0.069518717,0.058823529,0.07486631,0.016042781,0.058823529,0.042780749,0.048128342,0.07486631,0.016042781,0.026737968,0.064171123,0.9
0.09596929,0.040307102,0.042226488,0.05950096,0.011516315,0.071017274,0.032629559,0.094049904,0.019193858,0.07293666,0.090211132,0.067178503,0.017274472,0.028790787,0.03646833,0.051823417,0.061420345,0.005758157,0.02303263,0.078694818,0.76
0.097966728,0.083179298,0.03142329,0.046210721,0.022181146,0.057301294,0.057301294,0.085027726,0.027726433,0.029574861,0.136783734,0.024029575,0.038817006,0.042513863,0.042513863,0.04805915,0.036968577,0.020332717,0.018484288,0.053604436,0.02
0.095,0.05,0.045,0.075,0.025,0.025,0.035,0.055,0.035,0.065,0.105,0.085,0.01,0.04,0.025,0.07,0.065,0.01,0.03,0.055,0.5
0.103881279,0.062785388,0.037671233,0.069634703,0.006849315,0.073059361,0.039954338,0.091324201,0.025114155,0.046803653,0.086757991,0.053652968,0.023972603,0.04109589,0.025114155,0.057077626,0.047945205,0.00913242,0.020547945,0.077625571,0.58
0.123173278,0.052192067,0.041753653,0.045929019,0.006263048,0.081419624,0.041753653,0.087682672,0.010438413,0.075156576,0.068893528,0.045929019,0.03131524,0.035490605,0.043841336,0.041753653,0.039665971,0.014613779,0.029227557,0.083507307,0.53
0.141843972,0.070921986,0.021276596,0.046099291,0.014184397,0.046099291,0.04964539,0.070921986,0.014184397,0.042553191,0.117021277,0.028368794,0.028368794,0.031914894,0.070921986,0.031914894,0.046099291,0.031914894,0.042553191,0.053191489,0.2
0.101851852,0.060185185,0.037037037,0.060185185,0.018518519,0.032407407,0.060185185,0.078703704,0.032407407,0.041666667,0.106481481,0.037037037,0.023148148,0.050925926,0.083333333,0.041666667,0.041666667,0.018518519,0.032407407,0.041666667,0.18
0.0625,0.05,0.05,0.06875,0.01875,0.075,0.0625,0.05625,0.04375,0.0625,0.1125,0.01875,0.0125,0.05625,0.05,0.0375,0.05,0.0125,0.01875,0.08125,0.96
0.08388521,0.048565121,0.028697572,0.072847682,0.026490066,0.070640177,0.041942605,0.097130243,0.026490066,0.06401766,0.072847682,0.057395143,0.028697572,0.039735099,0.041942605,0.041942605,0.04415011,0.008830022,0.01986755,0.08388521,1
0.080291971,0.055961071,0.051094891,0.055961071,0.01946472,0.068126521,0.04136253,0.080291971,0.02189781,0.053527981,0.082725061,0.03649635,0.03406326,0.04136253,0.051094891,0.04136253,0.070559611,0.01703163,0.0243309,0.072992701,0.25
0.114613181,0.045845272,0.040114613,0.048710602,0.008595989,0.054441261,0.054441261,0.091690544,0.031518625,0.063037249,0.071633238,0.034383954,0.037249284,0.037249284,0.048710602,0.05730659,0.045845272,0.005730659,0.040114613,0.068767908,0.26
0.092250923,0.062730627,0.025830258,0.04797048,0.011070111,0.05904059,0.04797048,0.088560886,0.018450185,0.051660517,0.136531365,0.029520295,0.025830258,0.022140221,0.040590406,0.081180812,0.04797048,0.007380074,0.022140221,0.081180812,0.2
0.085714286,0.1,0.042857143,0.042857143,0.014285714,0.042857143,0.028571429,0.042857143,0,0.085714286,0.085714286,0.085714286,0.042857143,0.014285714,0.057142857,0.057142857,0.042857143,0.042857143,0.028571429,0.057142857,0.86
0.111420613,0.075208914,0.022284123,0.04735376,0.013927577,0.066852368,0.036211699,0.08913649,0.027855153,0.04178273,0.094707521,0.033426184,0.027855153,0.027855153,0.058495822,0.044568245,0.052924791,0.013927577,0.022284123,0.091922006,0.46
0.060784314,0.060784314,0.050980392,0.054901961,0.021568627,0.070588235,0.02745098,0.076470588,0.019607843,0.088235294,0.098039216,0.064705882,0.041176471,0.025490196,0.023529412,0.066666667,0.045098039,0.005882353,0.021568627,0.076470588,0.18
0.138263666,0.019292605,0.054662379,0.061093248,0.003215434,0.051446945,0.032154341,0.08681672,0,0.054662379,0.080385852,0.093247588,0.032154341,0.035369775,0.032154341,0.054662379,0.048231511,0.009646302,0.019292605,0.093247588,0.53
0.0995671,0.034632035,0.025974026,0.069264069,0.012987013,0.073593074,0.038961039,0.047619048,0.038961039,0.082251082,0.086580087,0.064935065,0.047619048,0.051948052,0.051948052,0.034632035,0.051948052,0.008658009,0.025974026,0.051948052,0.76
0.113268608,0.061488673,0.048543689,0.045307443,0.029126214,0.048543689,0.048543689,0.080906149,0.03236246,0.038834951,0.106796117,0.025889968,0.035598706,0.042071197,0.058252427,0.035598706,0.051779935,0.012944984,0.01618123,0.067961165,0.31
0.107266436,0.055363322,0.038062284,0.048442907,0,0.041522491,0.027681661,0.07266436,0.044982699,0.055363322,0.096885813,0.100346021,0.01384083,0.038062284,0.031141869,0.08650519,0.062283737,0.003460208,0.010380623,0.065743945,0.37
0.101123596,0.06741573,0.056179775,0.053932584,0.002247191,0.035955056,0.053932584,0.071910112,0.017977528,0.053932584,0.085393258,0.035955056,0.015730337,0.024719101,0.065168539,0.078651685,0.074157303,0.006741573,0.020224719,0.078651685,0.31
0.110311751,0.059952038,0.035971223,0.057553957,0,0.045563549,0.064748201,0.064748201,0.009592326,0.045563549,0.091127098,0.071942446,0.026378897,0.038369305,0.043165468,0.074340528,0.040767386,0.004796163,0.021582734,0.09352518,0.33
0.08677686,0.070247934,0.030991736,0.061983471,0.010330579,0.053719008,0.037190083,0.07231405,0.033057851,0.05785124,0.101239669,0.024793388,0.010330579,0.035123967,0.061983471,0.061983471,0.076446281,0.01446281,0.045454545,0.053719008,0.37
0.106100796,0.029177719,0.042440318,0.037135279,0.00530504,0.039787798,0.066312997,0.076923077,0.013262599,0.061007958,0.090185676,0.058355438,0.018567639,0.029177719,0.068965517,0.053050398,0.071618037,0.034482759,0.039787798,0.058355438,0.26
0.092896175,0.071038251,0.016393443,0.087431694,0.027322404,0.049180328,0.043715847,0.071038251,0.038251366,0.06010929,0.076502732,0.021857923,0.010928962,0.043715847,0.076502732,0.032786885,0.06557377,0.021857923,0.032786885,0.06010929,0.6
0.102112676,0.063380282,0.014084507,0.024647887,0.007042254,0.035211268,0.031690141,0.073943662,0.045774648,0.042253521,0.165492958,0.028169014,0.024647887,0.056338028,0.031690141,0.031690141,0.063380282,0.031690141,0.035211268,0.091549296,0.03
0.098701299,0.05974026,0.038961039,0.046753247,0.007792208,0.028571429,0.049350649,0.085714286,0.01038961,0.044155844,0.088311688,0.044155844,0.038961039,0.031168831,0.07012987,0.07012987,0.072727273,0.01038961,0.038961039,0.064935065,0.41
0.068686869,0.04040404,0.042424242,0.088888889,0.014141414,0.080808081,0.044444444,0.080808081,0.028282828,0.060606061,0.068686869,0.04040404,0.022222222,0.056565657,0.046464646,0.028282828,0.044444444,0.028282828,0.044444444,0.070707071,0.69
0.085798817,0.044378698,0.050295858,0.053254438,0.00295858,0.053254438,0.047337278,0.082840237,0.035502959,0.065088757,0.100591716,0.029585799,0.035502959,0.029585799,0.065088757,0.047337278,0.068047337,0.00295858,0.041420118,0.059171598,0.86
0.109195402,0.022988506,0.066091954,0.077586207,0.005747126,0.020114943,0.037356322,0.086206897,0.00862069,0.037356322,0.074712644,0.068965517,0.022988506,0.031609195,0.037356322,0.048850575,0.100574713,0.002873563,0.034482759,0.106321839,0.49
0.048,0.056,0.048,0.024,0.008,0.08,0.064,0.096,0.016,0.096,0.064,0,0.024,0.024,0.072,0.048,0.064,0.008,0.056,0.104,0.67
0.085714286,0.053571429,0.028571429,0.071428571,0.021428571,0.064285714,0.025,0.082142857,0.025,0.032142857,0.132142857,0.046428571,0.021428571,0.039285714,0.067857143,0.05,0.046428571,0.028571429,0.032142857,0.046428571,0.27
0.092592593,0.050925926,0.037037037,0.043981481,0.018518519,0.048611111,0.069444444,0.06712963,0.018518519,0.039351852,0.134259259,0.034722222,0.013888889,0.030092593,0.074074074,0.064814815,0.078703704,0.018518519,0.009259259,0.055555556,0.66
0.076502732,0.043715847,0.016393443,0.06557377,0,0.06557377,0.032786885,0.103825137,0.010928962,0.071038251,0.12568306,0.06557377,0.005464481,0.038251366,0.054644809,0.038251366,0.06557377,0,0.038251366,0.081967213,0.89
0.086,0.048,0.044,0.066,0.014,0.048,0.052,0.078,0.042,0.048,0.096,0.046,0.034,0.046,0.038,0.034,0.066,0.022,0.022,0.07,0.08
0.139575972,0.045936396,0.03180212,0.053003534,0.026501767,0.051236749,0.060070671,0.075971731,0.022968198,0.054770318,0.086572438,0.028268551,0.01590106,0.033568905,0.056537102,0.058303887,0.045936396,0.028268551,0.01590106,0.068904594,0.3
0.071917808,0.075342466,0.047945205,0.047945205,0.017123288,0.061643836,0.051369863,0.071917808,0.04109589,0.054794521,0.106164384,0.023972603,0.017123288,0.058219178,0.058219178,0.065068493,0.023972603,0.020547945,0.034246575,0.051369863,0.28
0.090909091,0.034632035,0.03030303,0.051948052,0.008658009,0.064935065,0.047619048,0.082251082,0.047619048,0.051948052,0.069264069,0.047619048,0.03030303,0.025974026,0.047619048,0.043290043,0.077922078,0.017316017,0.038961039,0.090909091,0.81
0.11550152,0.024316109,0.030395137,0.063829787,0.003039514,0.063829787,0.036474164,0.09118541,0.012158055,0.051671733,0.069908815,0.097264438,0.039513678,0.039513678,0.045592705,0.048632219,0.051671733,0.015197568,0.018237082,0.082066869,0.87
0.093253968,0.055555556,0.037698413,0.051587302,0.005952381,0.063492063,0.047619048,0.095238095,0.025793651,0.083333333,0.095238095,0.043650794,0.033730159,0.023809524,0.037698413,0.057539683,0.037698413,0.007936508,0.027777778,0.075396825,0.38
0.046218487,0.084033613,0.050420168,0.067226891,0.008403361,0.105042017,0.021008403,0.067226891,0.025210084,0.079831933,0.109243697,0.046218487,0.029411765,0.037815126,0.042016807,0.046218487,0.06302521,0.004201681,0.025210084,0.042016807,0.9
0.076749436,0.069977427,0.036117381,0.051918736,0.013544018,0.076749436,0.051918736,0.076749436,0.031602709,0.083521445,0.097065463,0.042889391,0.020316027,0.031602709,0.029345372,0.065462754,0.047404063,0.002257336,0.022573363,0.072234763,0.58
0.11627907,0.034883721,0.042635659,0.058139535,0.003875969,0.050387597,0.042635659,0.104651163,0.019379845,0.069767442,0.143410853,0.050387597,0.031007752,0.011627907,0.03875969,0.042635659,0.046511628,0.007751938,0.007751938,0.07751938,0.81
0.119760479,0.023952096,0.041916168,0.04491018,0.020958084,0.04491018,0.056886228,0.077844311,0.035928144,0.053892216,0.113772455,0.035928144,0.008982036,0.041916168,0.053892216,0.047904192,0.050898204,0.005988024,0.035928144,0.083832335,0.31
0.125615764,0.041871921,0.024630542,0.054187192,0.014778325,0.054187192,0.044334975,0.098522167,0.039408867,0.0591133,0.071428571,0.039408867,0.024630542,0.0591133,0.049261084,0.034482759,0.054187192,0.004926108,0.024630542,0.081280788,0.29
0.083550914,0.046997389,0.041775457,0.060052219,0.020887728,0.062663185,0.031331593,0.075718016,0.044386423,0.065274151,0.114882507,0.036553525,0.018276762,0.036553525,0.07310705,0.033942559,0.070496084,0.010443864,0.026109661,0.046997389,0.42
0.113772455,0.032934132,0.035928144,0.056886228,0.011976048,0.071856287,0.04491018,0.077844311,0.02994012,0.02994012,0.107784431,0.068862275,0.04491018,0.041916168,0.026946108,0.038922156,0.068862275,0.011976048,0.023952096,0.05988024,0.09
0.078299776,0.060402685,0.044742729,0.060402685,0.006711409,0.07606264,0.03803132,0.096196868,0.022371365,0.060402685,0.096196868,0.042505593,0.03803132,0.029082774,0.029082774,0.053691275,0.064876957,0.013422819,0.042505593,0.046979866,0.19
0.110778443,0.035928144,0.038922156,0.047904192,0.011976048,0.083832335,0.041916168,0.077844311,0.026946108,0.032934132,0.107784431,0.065868263,0.038922156,0.038922156,0.026946108,0.04491018,0.065868263,0.011976048,0.02994012,0.05988024,0.43
0.093655589,0.078549849,0.03021148,0.054380665,0.012084592,0.069486405,0.057401813,0.078549849,0.024169184,0.060422961,0.111782477,0.033232628,0.027190332,0.027190332,0.027190332,0.054380665,0.063444109,0.009063444,0.021148036,0.066465257,0.23
0.137440758,0.037914692,0.023696682,0.018957346,0.014218009,0.014218009,0.047393365,0.090047393,0.014218009,0.071090047,0.156398104,0.023696682,0.042654028,0.066350711,0.028436019,0.052132701,0.033175355,0.042654028,0.023696682,0.061611374,0.19
0.084175084,0.074074074,0.02020202,0.053872054,0.016835017,0.063973064,0.074074074,0.047138047,0.023569024,0.03030303,0.151515152,0.037037037,0.023569024,0.037037037,0.063973064,0.053872054,0.047138047,0.01010101,0.016835017,0.070707071,0.17
0.102564103,0.032051282,0.038461538,0.057692308,0.006410256,0.076923077,0.044871795,0.064102564,0.006410256,0.057692308,0.121794872,0.070512821,0.025641026,0.044871795,0.032051282,0.064102564,0.064102564,0,0.019230769,0.070512821,0.91
0.114384749,0.055459272,0.032928943,0.062391681,0.006932409,0.083188908,0.046793761,0.067590988,0.024263432,0.045060659,0.102253033,0.057192374,0.03812825,0.032928943,0.032928943,0.027729636,0.050259965,0.008665511,0.039861352,0.071057192,0.24
0.107728337,0.049180328,0.042154567,0.06088993,0.014051522,0.051522248,0.028103044,0.086651054,0.018735363,0.06088993,0.112412178,0.039812646,0.032786885,0.030444965,0.042154567,0.051522248,0.079625293,0.004683841,0.030444965,0.056206089,0.61
0.107734807,0.055248619,0.03038674,0.041436464,0.013812155,0.066298343,0.033149171,0.093922652,0.019337017,0.044198895,0.135359116,0.035911602,0.027624309,0.027624309,0.044198895,0.055248619,0.049723757,0.005524862,0.024861878,0.08839779,0.22
0.085872576,0.072022161,0.022160665,0.08033241,0.011080332,0.052631579,0.04432133,0.110803324,0.022160665,0.08033241,0.072022161,0.04432133,0.024930748,0.030470914,0.047091413,0.049861496,0.058171745,0.005540166,0.019390582,0.066481994,0.58
0.134920635,0.03968254,0.015873016,0.071428571,0,0.067460317,0.031746032,0.043650794,0.023809524,0.075396825,0.087301587,0.063492063,0.043650794,0.031746032,0.031746032,0.067460317,0.067460317,0.003968254,0.01984127,0.079365079,0.97
0.110294118,0.047794118,0.040441176,0.047794118,0.011029412,0.0625,0.036764706,0.091911765,0.029411765,0.066176471,0.128676471,0.029411765,0.018382353,0.051470588,0.047794118,0.0625,0.044117647,0.007352941,0.018382353,0.047794118,0.35
0.103932584,0.056179775,0.04494382,0.058988764,0.014044944,0.061797753,0.061797753,0.073033708,0.025280899,0.053370787,0.095505618,0.036516854,0.036516854,0.019662921,0.050561798,0.075842697,0.042134831,0.008426966,0.019662921,0.061797753,0.63
0.108571429,0.042857143,0.051428571,0.062857143,0.02,0.062857143,0.031428571,0.082857143,0.031428571,0.071428571,0.097142857,0.068571429,0.022857143,0.022857143,0.04,0.051428571,0.04,0.011428571,0.017142857,0.062857143,1
0.08045977,0.077586207,0.037356322,0.057471264,0.020114943,0.063218391,0.045977011,0.074712644,0.031609195,0.068965517,0.091954023,0.034482759,0.025862069,0.025862069,0.040229885,0.057471264,0.074712644,0.00862069,0.025862069,0.057471264,0.12
0.103448276,0.068965517,0.045977011,0.034482759,0.017241379,0.097701149,0.051724138,0.057471264,0.011494253,0.068965517,0.097701149,0.011494253,0.022988506,0.028735632,0.045977011,0.045977011,0.08045977,0.011494253,0.011494253,0.086206897,0.91
0.066666667,0.04,0.035555556,0.062222222,0.004444444,0.075555556,0.057777778,0.044444444,0.031111111,0.08,0.155555556,0.035555556,0.031111111,0.013333333,0.048888889,0.071111111,0.031111111,0.004444444,0.013333333,0.097777778,1
0.04964539,0.070921986,0.042553191,0.063829787,0.014184397,0.092198582,0.014184397,0.056737589,0.021276596,0.085106383,0.113475177,0.056737589,0.028368794,0.021276596,0.070921986,0.042553191,0.070921986,0,0.021276596,0.063829787,0.92
0.076923077,0.068376068,0.025641026,0.051282051,0.051282051,0.05982906,0.05982906,0.042735043,0.025641026,0.076923077,0.170940171,0.05982906,0.008547009,0.017094017,0.034188034,0.076923077,0.017094017,0.025641026,0.008547009,0.042735043,0.29
0.090534979,0.024691358,0.04526749,0.074074074,0.008230453,0.049382716,0.061728395,0.069958848,0.008230453,0.053497942,0.074074074,0.090534979,0.016460905,0.053497942,0.032921811,0.041152263,0.086419753,0.008230453,0.037037037,0.074074074,0.77
0.102880658,0.020576132,0.053497942,0.065843621,0.008230453,0.04526749,0.049382716,0.065843621,0.012345679,0.061728395,0.069958848,0.090534979,0.016460905,0.057613169,0.041152263,0.053497942,0.074074074,0.008230453,0.041152263,0.061728395,0.73
0.082644628,0.061983471,0.045454545,0.041322314,0.016528926,0.066115702,0.066115702,0.05785124,0.02892562,0.05785124,0.128099174,0.033057851,0.024793388,0.033057851,0.049586777,0.053719008,0.05785124,0.004132231,0.024793388,0.066115702,0.27
0.113445378,0.046218487,0.021008403,0.025210084,0.008403361,0.029411765,0.046218487,0.06302521,0.004201681,0.067226891,0.159663866,0.025210084,0.029411765,0.058823529,0.042016807,0.071428571,0.050420168,0.029411765,0.025210084,0.084033613,0.26
0.08649789,0.056962025,0.048523207,0.05907173,0.014767932,0.073839662,0.029535865,0.078059072,0.023206751,0.044303797,0.071729958,0.050632911,0.03164557,0.063291139,0.035864979,0.05907173,0.042194093,0.021097046,0.048523207,0.061181435,0.28
0.134020619,0.024742268,0.022680412,0.022680412,0.008247423,0.030927835,0.026804124,0.078350515,0.012371134,0.096907216,0.117525773,0.039175258,0.045360825,0.035051546,0.057731959,0.068041237,0.057731959,0.01443299,0.016494845,0.090721649,0.07
0.107142857,0.05952381,0.032738095,0.053571429,0.005952381,0.06547619,0.035714286,0.068452381,0.026785714,0.071428571,0.101190476,0.047619048,0.032738095,0.032738095,0.035714286,0.083333333,0.044642857,0.005952381,0.023809524,0.06547619,0.24
0.081743869,0.057220708,0.038147139,0.0626703,0.010899183,0.049046322,0.040871935,0.095367847,0.013623978,0.054495913,0.111716621,0.035422343,0.032697548,0.032697548,0.04359673,0.057220708,0.070844687,0.021798365,0.013623978,0.076294278,0.19
0.078039927,0.032667877,0.038112523,0.068965517,0.003629764,0.038112523,0.056261343,0.090744102,0.02722323,0.034482759,0.068965517,0.058076225,0.038112523,0.045372051,0.070780399,0.058076225,0.065335753,0.010889292,0.045372051,0.070780399,0.25
0.087591241,0.051094891,0.03406326,0.055961071,0.03406326,0.051094891,0.058394161,0.070559611,0.051094891,0.03406326,0.094890511,0.04379562,0.0243309,0.0486618,0.053527981,0.03649635,0.03649635,0.01459854,0.04379562,0.075425791,0.15
0.066450567,0.059967585,0.05834684,0.076175041,0.001620746,0.042139384,0.094003241,0.069692058,0.01458671,0.040518639,0.124797407,0.035656402,0.027552674,0.032414911,0.040518639,0.063209076,0.05834684,0.017828201,0.011345219,0.064829822,0.7
0.081818182,0.057575758,0.009090909,0.072727273,0.006060606,0.06969697,0.060606061,0.087878788,0.039393939,0.042424242,0.121212121,0.045454545,0.018181818,0.03030303,0.042424242,0.066666667,0.036363636,0.024242424,0.015151515,0.072727273,0.9
0.078947368,0.039473684,0.032894737,0.052631579,0.013157895,0.059210526,0.046052632,0.065789474,0.019736842,0.125,0.092105263,0.065789474,0.032894737,0.019736842,0.032894737,0.052631579,0.065789474,0,0.046052632,0.059210526,0.82
0.087982833,0.072961373,0.042918455,0.066523605,0.008583691,0.079399142,0.027896996,0.068669528,0.017167382,0.036480687,0.077253219,0.040772532,0.021459227,0.060085837,0.040772532,0.051502146,0.049356223,0.015021459,0.034334764,0.100858369,0.7
0.087866109,0.033472803,0.075313808,0.039748954,0.023012552,0.079497908,0.039748954,0.071129707,0.016736402,0.066945607,0.092050209,0.056485356,0.033472803,0.027196653,0.039748954,0.043933054,0.050209205,0,0.033472803,0.089958159,0.87
0.096610169,0.071186441,0.038983051,0.077966102,0.008474576,0.06779661,0.03220339,0.072881356,0.015254237,0.049152542,0.098305085,0.054237288,0.03559322,0.049152542,0.045762712,0.033898305,0.054237288,0.006779661,0.023728814,0.06779661,0.82
0.095930233,0.069767442,0.031976744,0.058139535,0.020348837,0.069767442,0.034883721,0.069767442,0.026162791,0.040697674,0.095930233,0.043604651,0.023255814,0.052325581,0.043604651,0.055232558,0.052325581,0.011627907,0.029069767,0.075581395,0.12
0.10738255,0.06935123,0.064876957,0.051454139,0.006711409,0.060402685,0.058165548,0.06935123,0.029082774,0.020134228,0.11409396,0.020134228,0.022371365,0.042505593,0.051454139,0.064876957,0.031319911,0.011185682,0.020134228,0.085011186,0.11
0.128078818,0.051724138,0.051724138,0.039408867,0.014778325,0.064039409,0.032019704,0.103448276,0.032019704,0.044334975,0.088669951,0.032019704,0.014778325,0.049261084,0.041871921,0.04679803,0.051724138,0.009852217,0.02955665,0.073891626,0.29
0.130081301,0.06504065,0.038617886,0.040650407,0.010162602,0.06097561,0.048780488,0.095528455,0.018292683,0.046747967,0.109756098,0.020325203,0.018292683,0.032520325,0.06097561,0.052845528,0.052845528,0.026422764,0.012195122,0.058943089,0.54
0.12037037,0.055555556,0.032407407,0.064814815,0.023148148,0.046296296,0.032407407,0.111111111,0.027777778,0.055555556,0.101851852,0.032407407,0.050925926,0.027777778,0.041666667,0.023148148,0.055555556,0.009259259,0.00462963,0.083333333,0.26
0.170050761,0.035532995,0.040609137,0.038071066,0.012690355,0.045685279,0.045685279,0.111675127,0.015228426,0.063451777,0.098984772,0.045685279,0.030456853,0.025380711,0.027918782,0.055837563,0.04822335,0,0.015228426,0.073604061,0.09
0.084598698,0.078091106,0.041214751,0.052060738,0.010845987,0.084598698,0.043383948,0.054229935,0.026030369,0.086767896,0.114967462,0.043383948,0.039045553,0.032537961,0.039045553,0.047722343,0.047722343,0.00867679,0.013015184,0.052060738,0.39
0.063636364,0.059090909,0.027272727,0.059090909,0.009090909,0.059090909,0.031818182,0.118181818,0.018181818,0.077272727,0.122727273,0.027272727,0.031818182,0.027272727,0.045454545,0.031818182,0.1,0.004545455,0.004545455,0.081818182,0.54
0.078947368,0.067434211,0.052631579,0.046052632,0.001644737,0.059210526,0.0625,0.0625,0.019736842,0.100328947,0.118421053,0.023026316,0.024671053,0.019736842,0.039473684,0.055921053,0.065789474,0.008223684,0.029605263,0.064144737,0.27
0.113060429,0.056530214,0.031189084,0.054580897,0.007797271,0.06042885,0.054580897,0.093567251,0.013645224,0.07797271,0.089668616,0.046783626,0.019493177,0.027290448,0.035087719,0.062378168,0.044834308,0.001949318,0.031189084,0.07797271,0.61
0.062730627,0.014760148,0.044280443,0.029520295,0,0.029520295,0.025830258,0.062730627,0.025830258,0.092250923,0.166051661,0.036900369,0.040590406,0.073800738,0.055350554,0.062730627,0.044280443,0.025830258,0.022140221,0.084870849,0.07
0.122302158,0.035971223,0.007194245,0.043165468,0,0.09352518,0.057553957,0.086330935,0.043165468,0.079136691,0.086330935,0.057553957,0.043165468,0.014388489,0.028776978,0.057553957,0.043165468,0,0.028776978,0.071942446,1
0.073913043,0.056521739,0.023913043,0.058695652,0.002173913,0.084782609,0.043478261,0.097826087,0.015217391,0.058695652,0.091304348,0.043478261,0.032608696,0.030434783,0.043478261,0.054347826,0.052173913,0.002173913,0.032608696,0.102173913,0.78
0.164556962,0.025316456,0.025316456,0.037974684,0,0.025316456,0.025316456,0.126582278,0,0.101265823,0.151898734,0.012658228,0.101265823,0.050632911,0.037974684,0,0.012658228,0,0.025316456,0.075949367,0.56
0.198717949,0.064102564,0.025641026,0.051282051,0.006410256,0.115384615,0.064102564,0.019230769,0.006410256,0.083333333,0.08974359,0.096153846,0.019230769,0.019230769,0.012820513,0.032051282,0.019230769,0.006410256,0.006410256,0.064102564,0.2
0.094076655,0.045296167,0.041811847,0.059233449,0.006968641,0.052264808,0.048780488,0.069686411,0.013937282,0.045296167,0.101045296,0.080139373,0.045296167,0.013937282,0.031358885,0.073170732,0.045296167,0.006968641,0.038327526,0.087108014,0.49
0.152542373,0.062146893,0.033898305,0.050847458,0.011299435,0.096045198,0.050847458,0.04519774,0.011299435,0.056497175,0.101694915,0.04519774,0.039548023,0.033898305,0.016949153,0.06779661,0.02259887,0.005649718,0.005649718,0.09039548,0.89
0.126984127,0.031746032,0.031746032,0.007936508,0,0.007936508,0.023809524,0.055555556,0.015873016,0.047619048,0.182539683,0.047619048,0.023809524,0.071428571,0.03968254,0.055555556,0.023809524,0.031746032,0,0.174603175,0.35
0.067146283,0.047961631,0.047961631,0.043165468,0.016786571,0.071942446,0.03117506,0.086330935,0.023980815,0.083932854,0.119904077,0.045563549,0.035971223,0.045563549,0.069544365,0.033573141,0.050359712,0.014388489,0.028776978,0.035971223,0.47
0.119402985,0.034825871,0.029850746,0.064676617,0,0.054726368,0.034825871,0.069651741,0.014925373,0.074626866,0.094527363,0.054726368,0.014925373,0.039800995,0.049751244,0.074626866,0.054726368,0.004975124,0.034825871,0.07960199,1
0.054166667,0.095833333,0.0125,0.083333333,0.016666667,0.075,0.041666667,0.045833333,0.016666667,0.083333333,0.133333333,0.041666667,0.016666667,0.020833333,0.0625,0.045833333,0.05,0.008333333,0.0375,0.058333333,0.74
0.083511777,0.08137045,0.038543897,0.062098501,0.004282655,0.053533191,0.053533191,0.079229122,0.021413276,0.049250535,0.12633833,0.034261242,0.014989293,0.053533191,0.04496788,0.057815846,0.055674518,0.012847966,0.010706638,0.062098501,0.31
0.067538126,0.05664488,0.050108932,0.057734205,0.010893246,0.068627451,0.051198257,0.055555556,0.02832244,0.0708061,0.137254902,0.038126362,0.040305011,0.027233115,0.046840959,0.064270153,0.051198257,0.003267974,0.015250545,0.058823529,0.56
0.076576577,0.072072072,0.04954955,0.063063063,0.004504505,0.076576577,0.027027027,0.072072072,0.031531532,0.058558559,0.162162162,0.040540541,0.027027027,0.013513514,0.027027027,0.031531532,0.058558559,0.009009009,0.036036036,0.063063063,0.92
0.079889807,0.079889807,0.033057851,0.052341598,0.005509642,0.068870523,0.063360882,0.046831956,0.033057851,0.066115702,0.148760331,0.022038567,0.027548209,0.03030303,0.027548209,0.068870523,0.052341598,0.008264463,0.016528926,0.068870523,0.2
0.098540146,0.065693431,0.058394161,0.018248175,0.00729927,0.02919708,0.04379562,0.04379562,0.018248175,0.04379562,0.076642336,0.098540146,0.040145985,0.02189781,0.03649635,0.109489051,0.080291971,0.018248175,0.047445255,0.04379562,0.6
0.07830552,0.051347882,0.05648267,0.065468549,0.003851091,0.03465982,0.051347882,0.062901155,0.010269576,0.053915276,0.098844673,0.038510911,0.03465982,0.044929397,0.079589217,0.065468549,0.051347882,0.01283697,0.024390244,0.080872914,0.82
0.072657744,0.068833652,0.066921606,0.053537285,0.017208413,0.055449331,0.059273423,0.045889101,0.024856597,0.059273423,0.122370937,0.028680688,0.030592734,0.038240918,0.053537285,0.070745698,0.036328872,0.026768642,0.009560229,0.059273423,0.24
0.095238095,0.142857143,0,0.031746032,0.015873016,0.031746032,0,0.031746032,0.015873016,0.111111111,0.111111111,0.079365079,0.031746032,0.063492063,0.047619048,0.031746032,0.079365079,0,0.031746032,0.047619048,0.68
0.080500894,0.032200358,0.053667263,0.050089445,0.005366726,0.02862254,0.04293381,0.075134168,0.023255814,0.041144902,0.112701252,0.035778175,0.025044723,0.062611807,0.064400716,0.071556351,0.062611807,0.032200358,0.02862254,0.071556351,0.1
0.095108696,0.059782609,0.043478261,0.059782609,0.005434783,0.051630435,0.051630435,0.073369565,0.005434783,0.024456522,0.092391304,0.059782609,0.029891304,0.046195652,0.054347826,0.067934783,0.051630435,0.043478261,0.032608696,0.051630435,0.06
0.080935252,0.066546763,0.048561151,0.052158273,0.01618705,0.073741007,0.04676259,0.104316547,0.03057554,0.053956835,0.071942446,0.026978417,0.034172662,0.035971223,0.059352518,0.044964029,0.048561151,0.01618705,0.037769784,0.050359712,0.09
0.112244898,0.053061224,0.034693878,0.053061224,0.010204082,0.067346939,0.034693878,0.093877551,0.012244898,0.06122449,0.071428571,0.042857143,0.028571429,0.036734694,0.040816327,0.06122449,0.063265306,0.012244898,0.028571429,0.081632653,0.34
0.117948718,0.097435897,0.030769231,0.046153846,0,0.046153846,0.071794872,0.061538462,0.030769231,0.056410256,0.128205128,0.025641026,0.035897436,0.025641026,0.030769231,0.076923077,0.051282051,0.015384615,0.015384615,0.035897436,0.19
0.050632911,0.056962025,0.063291139,0.088607595,0,0.113924051,0.037974684,0.069620253,0.03164557,0.075949367,0.151898734,0.056962025,0.044303797,0.018987342,0.006329114,0.025316456,0.012658228,0.012658228,0.044303797,0.037974684,0.96
0.054279749,0.050104384,0.043841336,0.06263048,0.020876827,0.077244259,0.025052192,0.087682672,0.025052192,0.041753653,0.060542797,0.064718163,0.033402923,0.054279749,0.043841336,0.041753653,0.039665971,0.022964509,0.070981211,0.079331942,0.7
0.082978723,0.046808511,0.042553191,0.061702128,0.008510638,0.065957447,0.042553191,0.082978723,0.034042553,0.063829787,0.078723404,0.046808511,0.036170213,0.044680851,0.040425532,0.053191489,0.042553191,0.023404255,0.044680851,0.057446809,0.19
0.057553957,0.061151079,0.04676259,0.039568345,0.010791367,0.079136691,0.089928058,0.04676259,0.025179856,0.09352518,0.118705036,0.050359712,0.035971223,0.035971223,0.025179856,0.068345324,0.021582734,0.010791367,0.025179856,0.057553957,0.49
0.081784387,0.039033457,0.066914498,0.066914498,0,0.059479554,0.042750929,0.083643123,0.011152416,0.040892193,0.059479554,0.065055762,0.020446097,0.059479554,0.026022305,0.076208178,0.068773234,0.024163569,0.055762082,0.05204461,0.09
0.095424837,0.043137255,0.036601307,0.070588235,0.00130719,0.052287582,0.036601307,0.079738562,0.013071895,0.037908497,0.08496732,0.069281046,0.035294118,0.032679739,0.049673203,0.069281046,0.060130719,0.010457516,0.033986928,0.087581699,0.31
0.118881119,0.053613054,0.023310023,0.048951049,0.023310023,0.060606061,0.048951049,0.076923077,0.032634033,0.058275058,0.086247086,0.025641026,0.051282051,0.03962704,0.053613054,0.041958042,0.051282051,0.020979021,0.020979021,0.062937063,0.22
0.092485549,0.057803468,0.040462428,0.054913295,0.023121387,0.072254335,0.069364162,0.060693642,0.014450867,0.028901734,0.112716763,0.046242775,0.040462428,0.028901734,0.052023121,0.043352601,0.069364162,0.005780347,0.031791908,0.054913295,0.59
0.131474104,0.075697211,0.019920319,0.051792829,0.007968127,0.039840637,0.083665339,0.055776892,0.055776892,0.03187251,0.12749004,0.019920319,0.019920319,0.023904382,0.055776892,0.043824701,0.047808765,0.027888446,0.027888446,0.051792829,0.06
