function y = fitness(x)
initial = [0.08285714 0.07142857 0.02285714 0.03714286 0.02000000 0.06571429 0.05714286 0.11142857 0.01714286 0.04571429 0.12000000 0.02285714 0.02857143 0.03142857 0.06285714 0.06285714 0.04000000 0.02285714 0.02285714 0.05428571]; 
mutation = [0.06867891 0.05670284 0.03300706 0.04606117 0.03065051 0.08788752 0.06918677 0.09392989 0.01352764 0.04579557 0.1156241 8.531644e-03 0.03864253 0.02357661 0.06484143 0.06129456 0.04211916 0.01029173 0.02445126 0.06519906];
length=350;
y = (x + length*initial)/mutation-length;
end


